image: cleaned_map_1409.pgm
resolution: 0.050000
# origin: [-7.525000, -7.525000, 0.000000]
origin: [-9.325000, -10.525000, 0.000000] # использовалось в экспериментах с реальным роботом в кабинете 1409
negate: 0
occupied_thresh: 0.65
free_thresh: 0.196

