image_width: 744
image_height: 480
camera_name: left
camera_matrix:
  rows: 3
  cols: 3
  data: [342.6411335796905, 0, 365.7328923212477, 0, 345.7044140232181, 220.5460224099936, 0, 0, 1]
distortion_model: plumb_bob
distortion_coefficients:
  rows: 1
  cols: 5
  data: [-0.2110315785357701, 0.03398544304006078, 0.002539357184557747, -0.005970777697957608, 0]
rectification_matrix:
  rows: 3
  cols: 3
  data: [0.9937985473408838, -0.0002422915876958874, 0.1111952723722361, 0.001342501625704399, 0.9999508850678744, -0.009819630408490633, -0.1111874318101385, 0.00990801426931273, 0.9937500622695352]
projection_matrix:
  rows: 3
  cols: 4
  data: [333.0052895912931, 0, 313.0084190368652, 0, 0, 333.0052895912931, 239.6839141845703, 0, 0, 0, 1, 0]