image_width: 744
image_height: 480
camera_name: right
camera_matrix:
  rows: 3
  cols: 3
  data: [338.1290260279073, 0, 361.2338093290654, 0, 339.9410836200007, 250.2541546131712, 0, 0, 1]
distortion_model: plumb_bob
distortion_coefficients:
  rows: 1
  cols: 5
  data: [-0.2188250759730246, 0.03620631050427787, 0.002481073715809115, 0.002992456541310242, 0]
rectification_matrix:
  rows: 3
  cols: 3
  data: [0.9989677266280351, 0.009983353769868716, -0.04431493882564853, -0.009544959342117108, 0.9999035048406555, 0.01009330265723565, 0.04441142765969876, -0.009659899320328185, 0.9989666217839056]
projection_matrix:
  rows: 3
  cols: 4
  data: [333.0052895912931, 0, 313.0084190368652, -72.47982936974167, 0, 333.0052895912931, 239.6839141845703, 0, 0, 0, 1, 0]